     0/299     0.81G    0.1116   0.05865   0.05917    0.2295         3       640    0.2832     0.125   0.02551   0.00432   0.06803   0.04858   0.04085
     1/299    0.877G     0.104   0.05601   0.05642    0.2164         4       640    0.2735    0.2093   0.02933  0.008631     0.067   0.04837   0.04086
     2/299    0.877G    0.1086    0.0641   0.06104    0.2337         4       640  0.008097     0.125   0.00414  0.000828   0.06611   0.04809   0.04101
     3/299    0.877G     0.107   0.05807   0.06107    0.2262         4       640  0.003817     0.125  0.004384  0.000972   0.06488   0.04803   0.04114
     4/299    0.877G    0.1078   0.05782   0.06095    0.2266         6       640  0.003778     0.125   0.00499  0.001123   0.06372   0.04805   0.04133
     5/299    0.877G    0.1052   0.06656   0.06011    0.2319         4       640     0.544    0.1101   0.02987  0.003494    0.0625   0.04829    0.0414
     6/299    0.877G   0.09972   0.06638   0.06076    0.2269        13       640    0.5412     0.125   0.03072  0.003516   0.06175   0.04832   0.04164
     7/299    0.877G    0.1051   0.06191   0.05565    0.2226         4       640    0.5404     0.125   0.02367  0.002671   0.06053   0.04832   0.04178
     8/299    0.877G    0.1115   0.06044   0.05797    0.2299         9       640   0.01354     0.125  0.006891  0.002067   0.05907   0.04819   0.04198
     9/299    0.877G   0.09068    0.0576   0.05776     0.206         4       640    0.5529     0.125   0.04088   0.01041   0.05783   0.04745   0.04203
    10/299    0.877G   0.09454   0.06527    0.0561    0.2159         4       640    0.5813     0.125   0.09038    0.0177   0.05696   0.04713   0.04184
    11/299    0.877G   0.08704   0.05982   0.05514     0.202         6       640    0.8672     0.125   0.07958  0.009727   0.05561   0.04718   0.04145
    12/299    0.877G   0.08479   0.05912   0.04971    0.1936         6       640    0.1587    0.3955    0.1533   0.02771   0.05425   0.04705   0.04095
    13/299    0.877G   0.09473    0.0759   0.05721    0.2278        13       640         1     0.249     0.294    0.0364   0.05247   0.04751   0.04037
    14/299    0.877G   0.08389   0.07783   0.05694    0.2187        14       640    0.9155    0.2464    0.2278   0.02386   0.05109   0.04767   0.03987
    15/299    0.877G     0.076   0.07001   0.05242    0.1984        10       640    0.9159      0.25    0.2107   0.03418   0.04923   0.04798   0.03941
    16/299    0.877G   0.07576   0.06965   0.05206    0.1975         4       640     0.998     0.125     0.192   0.03657   0.04703   0.04828   0.03876
    17/299    0.877G   0.07733   0.07728    0.0505    0.2051         4       640    0.9982     0.125     0.192   0.03839   0.04583   0.04795   0.03833
    18/299    0.877G   0.07398   0.07223   0.05168    0.1979         7       640    0.9961     0.125    0.2154   0.05546   0.04443   0.04772   0.03795
    19/299    0.877G   0.06612   0.06071   0.04748    0.1743         4       640     0.875      0.25    0.2165   0.05577   0.04345   0.04695   0.03759
    20/299    0.877G   0.07016   0.06843   0.04669    0.1853         5       640    0.8057    0.3125    0.2899   0.07215   0.04214   0.04622   0.03705
    21/299    0.877G   0.06665   0.06633   0.04777    0.1808         2       640    0.1828    0.4583    0.3079   0.09244   0.04154   0.04495   0.03653
    22/299    0.877G   0.06873   0.05526   0.04596    0.1699         7       640    0.8245    0.3125    0.1897   0.07165   0.04066   0.04397   0.03576
    23/299    0.877G   0.07109   0.06262   0.05038    0.1841         7       640    0.7835    0.3119    0.2418    0.1131   0.04184   0.04228   0.03532
    24/299    0.877G   0.06572    0.0744   0.04792     0.188         9       640    0.7342    0.3125    0.2053   0.06945   0.04132   0.04138    0.0348
    25/299    0.877G    0.0694   0.07592   0.04623    0.1916         7       640    0.1605    0.5573    0.3364   0.08487   0.04068    0.0406    0.0342
    26/299    0.877G   0.06631   0.06962   0.04485    0.1808         8       640    0.1407    0.4952    0.3421    0.1195   0.03976   0.03978   0.03358
    27/299    0.877G   0.06863   0.07251   0.04589     0.187        14       640     0.256       0.5    0.3687    0.1267   0.03885   0.03848   0.03275
    28/299    0.877G   0.05238   0.05416   0.04212    0.1487         4       640    0.2085    0.5192    0.4622    0.2137   0.03647   0.03829   0.03279
    29/299    0.877G   0.06213   0.05623   0.04375    0.1621         2       640    0.2352    0.7224     0.392    0.1958   0.03494   0.03838   0.03265
    30/299    0.877G   0.05443   0.05158   0.04103     0.147         3       640    0.4386    0.7291    0.4083    0.2004   0.03326   0.03808   0.03214
    31/299    0.877G   0.05206   0.04334   0.03849    0.1339         3       640    0.4396    0.6667    0.4407    0.2215   0.03228   0.03814   0.03166
    32/299    0.877G   0.05888   0.06849   0.04166     0.169         9       640     0.437    0.5412    0.4422    0.1629   0.03549   0.03788   0.03095
    33/299    0.877G   0.06056   0.05834   0.04353    0.1624         9       640    0.6597    0.7198    0.6508    0.3533    0.0305   0.03648   0.03044
    34/299    0.877G   0.05289   0.05097   0.03789    0.1417         3       640    0.3491    0.5417      0.49    0.1863   0.03481   0.03537   0.02967
    35/299    0.877G   0.05073   0.05352   0.03614    0.1404         4       640    0.5936    0.6458    0.5725    0.3006   0.02947   0.03423    0.0291
    36/299    0.877G   0.04578   0.05009   0.03428    0.1302         5       640    0.7214    0.7708     0.703    0.2078   0.03415   0.03205   0.02856
    37/299    0.877G   0.04998   0.05667   0.03805    0.1447        11       640    0.5789    0.5833    0.5994    0.2784   0.03292   0.03094   0.02839
    38/299    0.877G   0.04848   0.06148   0.03526    0.1452         3       640     0.693    0.5975    0.5907    0.2103   0.03339    0.0303   0.02773
    39/299    0.877G   0.05258   0.04556    0.0381    0.1362         3       640    0.7148    0.5899    0.6418    0.2231   0.02995   0.03022   0.02702
    40/299    0.877G   0.05005   0.05025   0.03563    0.1359         4       640    0.6322    0.7909    0.6777    0.1775   0.03192   0.03017   0.02634
    41/299    0.877G   0.05064    0.0565   0.03408    0.1412         3       640    0.6918    0.5224    0.6182    0.1688   0.03385   0.03034   0.02596
    42/299    0.877G   0.05677   0.04965   0.03458     0.141         9       640    0.3469         1    0.6235    0.1952   0.03461   0.02903   0.02531
    43/299    0.877G   0.05207   0.04737   0.03277    0.1322         6       640    0.6519    0.6704    0.7589    0.4005   0.03258   0.02877   0.02486
    44/299    0.877G   0.05558   0.04816   0.03702    0.1408         6       640     0.519     0.875    0.7699    0.4225   0.02531   0.02775    0.0246
    45/299    0.877G   0.05131   0.05156   0.03397    0.1368         8       640    0.6968    0.8538     0.847    0.4202   0.03476   0.02749   0.02413
    46/299    0.877G   0.05558   0.04028   0.03049    0.1264         4       640    0.4804    0.7603    0.5635    0.2568   0.03688   0.02608   0.02379
